fisica mecanica;4;4
1152340242;2.2;4.1;3.0;3.5
1152440241;4.2;3.3;1.5;5.0
1152440658;4.8;4.0;4.4;5.0

informatica;5;2
1111440660;2.5;4.3
1152340242;4.9;4.1
1142440653;3.5;3.3

calculo diferencial;4;4
1152440659;1.4;3.7;3.2;3.9
1152440241;3.5;4.2;3.6;4.4
1342440647;4.5;3.2;5.0;4.3
1152450311;2.2;4.2;1.5;3.0

algebra y trigonometria;4;3
1152340656;4.2;4.4;1.8
1152340242;3.4;2.5;4.0
1152450311;2.4;5.0;3.0
1152440658;1.1;4.5;3.9

teoria de la informacion;4;4
1152440241;2.5;3.2;3.5;4.0
1142440653;1.0;2.5;4.8;2.4
1342440647;5.0;3.6;4.7;4.2
1111440660;4.3;3.5;3.9;4.8

circuitos 1;5;3
1152440241;2.5;4.3;4.9
1152340656;1.5;3.5;3.1
1142440653;0.5;4.3;4.2
1152340242;4.2;2.9;4.4
1152440658;1.6;3.6;4.3

lasdf;2;2

